7.700271639728163420e-01,6.313069913343211104e-01,9.555885634663872086e-01,8.102490815821590253e-01,5.215932666748543944e-01,1.924373868828049838e-01
2.733928375932080934e-01,2.754232536519329866e-01,8.003446554731685758e-02,5.734849060410996957e-01,3.622576877436693987e-01,6.293674110517943898e-02
9.035191092972161275e-02,2.643158604280919644e-01,5.698602060997308705e-01,5.934669238589936890e-01,4.845516063398696005e-01,5.240505127332140134e-02
5.037100086659407339e-01,1.373763411748746277e-01,5.173036681326531605e-01,1.621300191573442628e-01,3.834736531371035761e-01,4.937460098295920474e-02
7.058165874636534998e-02,6.189902372888054227e-01,7.421024174576533738e-01,3.867919332491065454e-02,3.652652473684184775e-01,9.204339704898902852e-01
4.704728631032991659e-01,9.176011099298521101e-01,5.860853000184204076e-01,3.742088863071306726e-01,3.194174546949560822e-01,8.907825993802470643e-01
6.998154836698575743e-01,3.161521106559305183e-01,9.140686625128899845e-01,1.631615134805435297e-01,2.696345772093429183e-01,3.184643672137177361e-02
7.412203091079324624e-01,7.558757303152945362e-01,5.452557888723073010e-01,3.203037894537986707e-01,7.383800178067536635e-01,3.340116235918009213e-01
7.746006921806930512e-01,2.605200168209208522e-01,3.440295589806471321e-01,8.811587568472820653e-01,2.967708081903510653e-01,3.595094210575997540e-01
5.498386056291587609e-01,6.127270671488378451e-01,8.881059500021215580e-01,1.514284844312114853e-01,7.400480532256840105e-01,6.258131865724222420e-01
1.365567828243759996e-01,2.797275979372448873e-01,7.471810135216793158e-01,8.700899173312292012e-01,2.778145866092455174e-01,1.359691692625598636e-01
6.323935307861682231e-01,3.603836429897155913e-01,1.088242124721745530e-01,7.060144069537854783e-02,6.451908788079498969e-01,7.565393636584073489e-01
1.272360794602382938e-01,3.856991283666418857e-01,2.673331936289714550e-01,1.111471453707426615e-01,2.551629229934100351e-01,2.589001121260606775e-01
3.197935469997496005e-01,2.745460780984194660e-01,7.426641196025206559e-01,7.461706087855883851e-01,5.962700300673742237e-01,2.836011484851109765e-01
2.862096283404573782e-01,9.649799277222090854e-01,8.032998792666520282e-01,6.685479999652916838e-01,8.978028937447192215e-01,2.391027286668586660e-01
4.206335453226185406e-01,1.826492197726060640e-01,1.070939291303310004e-01,8.617217114184539950e-01,7.009746292166234571e-01,4.194787854486476952e-01
3.602882171073417128e-01,2.093385090643862245e-02,8.238156925571312739e-01,8.475063052019287113e-01,8.004759500407526707e-01,2.200541475863959651e-01
4.961761862052190830e-01,5.051091515028678369e-01,7.991288589772507223e-01,9.888226838371240168e-01,4.364502659357983871e-01,9.362906781230803110e-01
1.780581057133122647e-01,9.034910026814191308e-01,9.412682592990624375e-01,3.305296337207145330e-01,9.623069913417671151e-01,5.998889605758946919e-01
1.436733320911270928e-01,6.758808465876642302e-02,7.219069211162584265e-01,9.572307443718798270e-01,3.713841162252524697e-01,7.749851798879372478e-01
5.099085530053750759e-01,4.743233152575587752e-01,7.435454610413949617e-03,5.298419105092386783e-01,3.841963102882213210e-01,5.140501691727094036e-01
7.959893699071816098e-01,3.323590421776206894e-01,7.293334392897928842e-01,9.513436531048540257e-01,8.334793375066065213e-01,8.294287179706263391e-01
9.289171891947248794e-01,3.693066910167579486e-01,7.147847464004594142e-01,6.033969152214979648e-01,5.797131808495489258e-01,8.891109340612902701e-01
2.069872299729126341e-01,5.082168959427304511e-01,3.146670163014818611e-01,2.408666125892913179e-01,6.839647073437112867e-01,7.181871097395031711e-02
8.327097700171026684e-02,6.580008024685396473e-01,3.727714672022591769e-01,5.734369486498887003e-01,1.376380231937628373e-01,4.087444107530653348e-01
3.244260791797012322e-01,8.641397389384591898e-01,7.108079230354868994e-02,4.821107998894589297e-01,9.265786392059189858e-01,3.471984223089351618e-01
5.859785374091486254e-01,4.215028150107321681e-01,1.614979910465262902e-01,4.415431845835456892e-01,1.194507104216071536e-01,9.016025983330044902e-01
6.091890822465785282e-01,4.398789566152550012e-02,4.376990368009465726e-01,1.878974723920023848e-02,3.447099505597558400e-01,2.907761164030053802e-02
8.361480784812047595e-01,4.692428494664625527e-01,1.349098147409752979e-01,4.631388805765839223e-01,7.625680238004206579e-02,7.757875439132635442e-01
7.819220368154189416e-03,8.230782927043726049e-01,3.506080398391853148e-02,9.620031214767321703e-02,5.103866840089233969e-01,6.718318848642558239e-01
1.494846865426600058e-01,8.809583411468617786e-01,3.459830992956959284e-01,7.491887190551620446e-01,8.508417296306042266e-01,8.610701586894838888e-01
8.192930947364502892e-01,1.710849768793073489e-01,9.199224881977341450e-02,4.638124225268304146e-01,5.078776580839013954e-01,8.190893718984404437e-01
3.070126246416358118e-01,3.850485196985286018e-01,5.570886648911754779e-02,1.821977404010202140e-01,6.638238224611757721e-01,6.305661020217027124e-01
9.391571452844130752e-01,6.474597373001186318e-01,7.197911544855156718e-01,5.804859489484273105e-01,2.887519125738021719e-01,7.050708477454301626e-01
3.883639453341857228e-01,2.118625425721656352e-01,8.944712461616198818e-01,5.359371283942867548e-01,2.768272355451580902e-01,3.376471059071681768e-01
3.851152212198005742e-03,5.992937399223590145e-01,6.389759912580817991e-01,6.494918091545384131e-01,6.163052663110637486e-01,8.918554255339050663e-02
4.050468108462021988e-01,1.167302542199558646e-01,8.729269113273195879e-01,2.354074955841711780e-02,3.360260524296310169e-02,5.235412107241241841e-01
4.553680595983933266e-01,4.252514093704211628e-01,1.374297399699243583e-01,9.421991464516854542e-02,4.445179587301362201e-02,4.689497675338146765e-01
9.647520253519981104e-02,4.874632093723174631e-01,4.872725436572765689e-01,9.086567262912437215e-01,4.703405784925054345e-01,2.822392226554197858e-01
7.728583929605632452e-01,7.338235875698626565e-01,6.152313414373885569e-01,1.670232173732085768e-01,5.388705541629634777e-01,1.129209065128360390e-01
5.786775429251396208e-01,5.297222325492271233e-01,4.743242431619272281e-01,5.232097721201357521e-01,6.707119900950634372e-01,1.163822560125363781e-01
1.792015399977753276e-03,9.641714687108440263e-01,5.097746210444944470e-01,4.177367256984361177e-01,8.213269686228803490e-01,6.982344950070217271e-01
3.765581273053760780e-01,7.663354022641911678e-01,9.792443705214121108e-01,8.990811053075637993e-01,6.919466605817401472e-01,3.386423995936282960e-01
7.719380478773797405e-01,1.835222765545813095e-01,8.555761025850696644e-01,4.957023718474239393e-01,4.169759314091646685e-01,4.552883731503247766e-01
6.068466177405459350e-01,1.619530151936293683e-01,9.586791248813029132e-01,1.621773177271359501e-01,9.841561367764406487e-02,5.683193456225809070e-01
5.434696879397932223e-01,4.908861430164852546e-01,6.076457274000601760e-02,9.405235621275357394e-01,4.347965556502852991e-03,6.358062906069718023e-01
3.835975398211840526e-01,7.359157774639576433e-01,3.391022505860369352e-01,7.390743471883132187e-02,2.131649792319167958e-01,8.460942124231874972e-01
2.884292319858681175e-01,1.242153124506666373e-01,8.219149267859948704e-01,5.191682499356564673e-02,5.781094921400405928e-01,2.466295991391512787e-01
5.373192775897381868e-01,8.216048031749089153e-01,9.647982862030273221e-01,4.480573006224558563e-01,5.468458374620394080e-01,6.163887217938930352e-01
1.829635043776537406e-01,3.239893103832491850e-02,3.301422995208712630e-01,1.408307188239048546e-01,5.385667637650136674e-01,9.318049234765446442e-02
8.218339095382912740e-01,2.538139952427657109e-01,7.959676239506607853e-02,4.442550787503588561e-01,7.449851226194826870e-01,2.699156636125898956e-02
6.221815375498011003e-01,4.513623563344526524e-02,7.872958164925154545e-01,9.916087349165552123e-01,3.817881942597317613e-01,5.346625934214994658e-01
1.462442640147574302e-01,7.009423897387220270e-01,7.101963828390038813e-01,6.395090426813508921e-01,3.915205504407491821e-01,5.459558622284400586e-01
1.480721978903521974e-01,8.791013731338781501e-02,2.981300547198540984e-01,8.817736489996533811e-01,2.061816476492336347e-01,9.795498387369183657e-01
4.472380794490292688e-01,6.021952344839627269e-01,6.454189851269520606e-01,9.464169043821376581e-01,5.216237152803376853e-01,3.033284731208421015e-01
2.645130957312501474e-01,5.126513722677619178e-01,3.078923950185670222e-01,2.935078594794388041e-01,5.329775679246415709e-01,5.729978203010700488e-01
1.136894847802748520e-01,3.871745614370671884e-01,5.569786334829017749e-01,9.660619127252860761e-01,2.591801296492857176e-02,4.668727252733092525e-01
6.873037061521288793e-01,1.063401416042899505e-01,1.280124860427004352e-01,4.121124943103340321e-01,8.429620842808038805e-01,4.840316565403083304e-01
6.122077802491787679e-01,4.970210660850014062e-01,2.345066312687745791e-01,2.699142051396640207e-01,5.774166718859834457e-01,7.601548852017400160e-01
9.334318028651953369e-01,2.883144874352471243e-01,6.767476858428778108e-01,1.016151052942886324e-01,1.533564333997317064e-01,6.279147088921110953e-01
9.991202916669772449e-01,6.086088957118334086e-01,2.965616583677219698e-01,4.554002876742917483e-01,3.523115704553207994e-01,4.994607286003028834e-01
8.268559391766459044e-01,3.520370628989654138e-01,5.800876647378664375e-01,9.181226531871838903e-01,2.148507517251896370e-02,8.506955364864299263e-01
8.541967686558061823e-01,1.022072090013782519e-01,9.073412404639885631e-01,8.444501692379613456e-02,7.903846816680765164e-01,2.186888867286387317e-01
8.809624764644976569e-01,3.865470198232304755e-01,3.175919456677455122e-01,5.469628532374651853e-01,5.196393785897555073e-01,3.957410211956885471e-01
1.752404376161836863e-01,8.255340673780530159e-01,5.968514399073866494e-01,4.072056187912175274e-01,6.643709890794282646e-01,5.511831127847882650e-01
2.378719119867778176e-01,3.311593294756023376e-01,5.119721335941146423e-01,4.894443348969276242e-01,9.080316017858607314e-01,9.707665188058410832e-01
3.495914962038246809e-01,3.017389356325045346e-01,6.340405246907467873e-01,7.712092748212053817e-01,2.581849967413896163e-02,2.082122382895439383e-01
6.128319318169818120e-01,2.100513275795343748e-01,9.839825700359980942e-01,5.307363747046878188e-03,9.333274607831799630e-01,2.111906433171272246e-01
8.129365509878887508e-01,7.398269552945249128e-01,9.842520144656659031e-01,7.325560211023209867e-01,7.132952678523750700e-01,6.677299837181092101e-01
1.117628222696164242e-01,9.991096332750359910e-01,3.686331942915593851e-01,3.052619786349796138e-01,5.803726433107155858e-01,4.965046327741806653e-01
3.948944053831293655e-01,8.815599350972030956e-01,2.566572887443626660e-01,5.158374241519382286e-01,6.620266716091081083e-01,8.001036679210122848e-01
4.870370088314351920e-01,8.766691136801327833e-01,2.622606336456189124e-01,5.889917220616690541e-01,9.191741487201610106e-01,9.353403890687569389e-01
2.266382925815655369e-01,2.749518415571461372e-01,2.199802687740259888e-01,5.460318682060163464e-01,2.261397722006266431e-01,1.064415948128817346e-01
7.498080159533820899e-01,2.123176918541760383e-01,7.143769081099342610e-01,2.768211169143423023e-01,9.334501543013284941e-02,3.486161320748091264e-01
5.603523736980300374e-01,5.426367686161894799e-01,2.435907966134054359e-01,7.179768799416149649e-01,7.009818360132341608e-01,2.732574484170657847e-01
8.345444261768664163e-02,9.826774134120085380e-01,8.319040461446376433e-01,1.087030655685714553e-01,1.346812932867538226e-01,5.807229983639182747e-01
5.674429065426346286e-01,1.050738406976585715e-01,1.128307026459737239e-01,2.435529868328460967e-01,4.818227274416019279e-01,4.974982094701846380e-01
6.641949718982054218e-02,8.910981679170260072e-03,6.228629355747126173e-01,7.734005514038689855e-01,5.053747966580217632e-01,6.309647271917468991e-01
9.743536502073464334e-01,8.714708325885268669e-01,5.856536205667866035e-01,9.651925585772846983e-02,2.568276939952691684e-01,4.335550926216081846e-01
1.671687070619906068e-01,2.282441213736023933e-01,7.985919689849333425e-01,5.369108673413884869e-01,6.737002988658530311e-01,1.358021394236574864e-02
1.275841733364482256e-01,1.957706077339904649e-01,3.175456683415123216e-02,8.361343085389540963e-01,6.811451790747359292e-01,8.253894990762892236e-01
1.194084289829892009e-01,5.232042494590484205e-01,1.425946600548733123e-01,4.017133102949357326e-01,8.928592353868768372e-01,6.982570664698607432e-01
3.560461905402341198e-01,5.275508777495040436e-01,2.531894742954680089e-01,9.517072887037074658e-01,9.740142098885801181e-01,2.214991407608167817e-01
4.671701624583453061e-01,7.362919897831454730e-01,4.862254008869117961e-01,5.964866838737107324e-01,5.457991837678408675e-01,8.243531616121102523e-02
4.669211615486822398e-01,4.027258551668440045e-01,9.919604343717957073e-01,5.601093904084012420e-01,2.108413214058151297e-01,4.195337281183109113e-01
7.502651282106785890e-01,1.809909726590358536e-01,2.380881519969613169e-02,3.076728277772458053e-01,4.567425091791865732e-02,1.499422810920914007e-01
6.848082157222727950e-01,9.178445480680142987e-01,7.576687906984755916e-01,5.224184939279541418e-02,4.437500782232950414e-01,4.768866407484817493e-01
5.810064680612323507e-01,4.657393230196815725e-02,7.615790660890718877e-01,2.328508446407672183e-01,8.886431812806935282e-01,4.819734532158076457e-01
4.691410612094671917e-01,8.897084372902603899e-01,3.510704771970690752e-01,9.410621889335961665e-01,2.683577585524066222e-03,7.732080073176172963e-02
9.390372345000951304e-01,4.652282987470091058e-02,1.842611735014998420e-02,9.554142320920868681e-01,8.115925396320526897e-01,3.038059238256682892e-01
9.668057220423098563e-02,8.444963428112122195e-01,5.514892738839518582e-01,6.605968244305793213e-01,2.831408641865191811e-01,4.735583122024733527e-02
4.892338807304881243e-01,2.024595237115428548e-01,5.945368990125556863e-01,5.961119698886579998e-01,2.588447832176455909e-01,4.771698811273455965e-01
7.151712825802913898e-01,8.282358240695422147e-01,3.453355310693911884e-01,3.193304370759945110e-01,5.005598907487607274e-02,2.024372731552244176e-01
3.243487822467672199e-01,8.542073944843874278e-01,5.707078784297014984e-02,2.946683553522455590e-02,6.144434622821626224e-01,9.241660727637990291e-01
5.160508371865843991e-01,5.828070634492382718e-01,5.454837017906658536e-01,3.854535709779233210e-01,6.978334830414545387e-02,8.348931256539506851e-01
2.785958264955961106e-01,6.334002482272387269e-01,9.482633047422818207e-01,2.841394631494212897e-01,7.120946803912366896e-01,3.261202094871338275e-01
1.409816540807556917e-01,7.825678208470915331e-01,4.007215256303698903e-01,2.372473447113395695e-01,6.867893815925040224e-01,5.181008338742852937e-01
5.243830037461139071e-01,5.494048648646445709e-01,6.317989763394290526e-01,1.852699950800532624e-01,7.553213877819264788e-01,9.617855135533031063e-01
2.795602118741777886e-01,8.538746623337520880e-01,2.446133837766109043e-01,7.510455475428584604e-01,3.406336755829703078e-01,9.808618515303587637e-01
5.363772134552737825e-01,5.451583350128085259e-01,1.033824213250494894e-01,8.413184156045875328e-01,5.866904107166884819e-01,7.347228937006733407e-01
